{
  "center_lat": -7.972222222222222,
  "center_lon": 114.1711111111111,
  "impact_area_km2": 93.01
}